0.00,0.00;0.00,0.00;0.00,0.00;0.00,0.00;0.00,0.00;0.00,0.00;0.00,0.00;0.00,0.00;0.00,0.00;0.00,0.00;0.00,0.00;0.00,0.00;0.00,0.00;0.00,0.00;0.00,0.00;0.00,0.00;0.00,0.00;0.00,0.00;0.00,0.00;0.00,0.00;0.00,0.00;0.00,0.00;0.00,0.00;0.00,0.00;0.00,0.00;0.00,0.00;
21.15,0.00;21.12,21.12;21.10,42.23;21.08,63.31;21.06,84.37;21.04,105.41;21.02,126.43;21.00,147.43;20.98,168.41;20.96,189.37;20.94,210.30;20.91,231.22;20.89,252.11;20.87,272.98;20.85,293.83;
0.52,0.00;0.52,0.52;0.52,1.04;0.52,1.55;0.52,2.07;0.52,2.59;0.52,3.10;0.52,3.62;0.51,4.13;0.51,4.64;0.51,5.16;0.51,5.67;0.51,6.18;0.51,6.70;0.51,7.21;0.51,7.72;0.51,8.23;0.51,8.74;0.51,9.25;0.51,9.76;0.51,10.27;0.51,10.77;0.51,11.28;0.51,11.79;0.51,12.29;0.51,12.80;0.51,13.31;0.50,13.81;0.50,14.31;0.50,14.82;0.50,15.32;0.50,15.82;0.50,16.33;0.50,16.83;0.50,17.33;0.50,17.83;0.50,18.33;0.50,18.83;0.50,19.33;0.50,19.83;0.50,20.33;0.50,20.83;0.50,21.32;0.50,21.82;0.50,22.32;0.50,22.81;0.50,23.31;0.49,23.80;0.49,24.30;0.49,24.79;0.49,25.28;0.49,25.78;0.49,26.27;0.49,26.76;
0.00,0.00;0.00,0.00;0.00,0.00;0.00,0.00;0.00,0.00;0.00,0.00;0.00,0.00;0.00,0.00;0.00,0.00;0.00,0.00;0.00,0.00;0.00,0.00;0.00,0.00;0.00,0.00;0.00,0.00;0.00,0.00;0.00,0.00;0.00,0.00;0.00,0.00;0.00,0.00;0.00,0.00;0.00,0.00;0.00,0.00;0.00,0.00;0.00,0.00;0.00,0.00;
21.15,0.00;21.12,21.12;21.10,42.23;21.08,63.31;21.06,84.37;21.04,105.41;21.02,126.43;21.00,147.43;20.98,168.41;20.96,189.37;20.94,210.30;20.91,231.22;20.89,252.11;20.87,272.98;
0.52,0.00;0.52,0.52;0.52,1.04;0.52,1.55;0.52,2.07;0.52,2.59;0.52,3.10;0.52,3.62;0.52,4.14;0.51,4.65;0.51,5.16;0.51,5.68;0.51,6.19;0.51,6.70;0.51,7.21;0.51,7.73;0.51,8.24;0.51,8.75;0.51,9.26;0.51,9.77;0.51,10.28;0.51,10.78;0.51,11.29;0.51,11.80;0.51,12.31;0.51,12.81;0.51,13.32;0.51,13.82;0.50,14.33;0.50,14.83;0.50,15.34;0.50,15.84;0.50,16.34;0.50,16.85;0.50,17.35;0.50,17.85;0.50,18.35;0.50,18.85;0.50,19.35;0.50,19.85;0.50,20.35;0.50,20.85;0.50,21.34;0.50,21.84;0.50,22.34;0.50,22.84;0.50,23.33;0.50,23.83;0.49,24.32;0.49,24.82;0.49,25.31;0.49,25.80;0.49,26.30;0.49,26.79;
0.00,0.00;0.00,0.00;0.00,0.00;0.00,0.00;0.00,0.00;0.00,0.00;0.00,0.00;0.00,0.00;0.00,0.00;0.00,0.00;0.00,0.00;0.00,0.00;0.00,0.00;0.00,0.00;0.00,0.00;0.00,0.00;0.00,0.00;0.00,0.00;0.00,0.00;0.00,0.00;0.00,0.00;0.00,0.00;0.00,0.00;0.00,0.00;0.00,0.00;0.00,0.00;
21.15,0.00;21.12,21.12;21.10,42.23;21.08,63.31;21.06,84.37;21.04,105.41;21.02,126.43;21.00,147.43;20.98,168.41;20.96,189.37;20.94,210.30;20.91,231.22;20.89,252.11;20.87,272.98;20.85,293.83;
0.52,0.00;0.52,0.52;0.52,1.04;0.52,1.55;0.52,2.07;0.52,2.59;0.52,3.10;0.52,3.62;0.51,4.13;0.51,4.65;0.51,5.16;0.51,5.67;0.51,6.18;0.51,6.70;0.51,7.21;0.51,7.72;0.51,8.23;0.51,8.74;0.51,9.25;0.51,9.76;0.51,10.27;0.51,10.77;0.51,11.28;0.51,11.79;0.51,12.29;0.51,12.80;0.51,13.31;0.50,13.81;0.50,14.31;0.50,14.82;0.50,15.32;0.50,15.82;0.50,16.33;0.50,16.83;0.50,17.33;0.50,17.83;0.50,18.33;0.50,18.83;0.50,19.33;0.50,19.83;0.50,20.33;0.50,20.83;0.50,21.32;0.50,21.82;0.50,22.32;0.50,22.81;0.50,23.31;0.49,23.80;0.49,24.30;0.49,24.79;0.49,25.28;0.49,25.78;0.49,26.27;0.49,26.76;
0.00,0.00;0.00,0.00;0.00,0.00;0.00,0.00;0.00,0.00;0.00,0.00;0.00,0.00;0.00,0.00;0.00,0.00;0.00,0.00;0.00,0.00;0.00,0.00;0.00,0.00;0.00,0.00;0.00,0.00;0.00,0.00;0.00,0.00;0.00,0.00;0.00,0.00;0.00,0.00;0.00,0.00;0.00,0.00;0.00,0.00;0.00,0.00;0.00,0.00;0.00,0.00;
21.15,0.00;21.12,21.12;21.10,42.23;21.08,63.31;21.06,84.37;21.04,105.41;21.02,126.43;21.00,147.43;20.98,168.41;20.96,189.37;
20.29,0.00;20.27,20.27;20.25,40.52;20.23,60.76;
0.50,0.00;0.50,0.50;0.50,1.01;0.50,1.51;0.50,2.01;0.50,2.51;0.50,3.01;0.50,3.51;0.50,4.01;0.50,4.51;0.50,5.01;0.50,5.50;0.50,6.00;0.50,6.50;0.50,6.99;0.50,7.49;0.50,7.98;0.49,8.48;0.49,8.97;0.49,9.47;0.49,9.96;0.49,10.45;0.49,10.95;0.49,11.44;0.49,11.93;0.49,12.42;0.49,12.91;0.49,13.40;0.49,13.89;0.49,14.38;0.49,14.87;0.49,15.35;0.49,15.84;0.49,16.33;0.49,16.82;0.49,17.30;0.49,17.79;0.48,18.27;0.48,18.76;0.48,19.24;0.48,19.72;0.48,20.21;0.48,20.69;0.48,21.17;0.48,21.65;0.48,22.13;0.48,22.61;0.48,23.09;0.48,23.57;0.48,24.05;0.48,24.53;0.48,25.01;0.48,25.49;0.48,25.97;0.48,26.44;0.48,26.92;
0.00,0.00;0.00,0.00;0.00,0.00;0.00,0.00;0.00,0.00;0.00,0.00;0.00,0.00;0.00,0.00;0.00,0.00;0.00,0.00;0.00,0.00;0.00,0.00;0.00,0.00;0.00,0.00;0.00,0.00;0.00,0.00;0.00,0.00;0.00,0.00;0.00,0.00;0.00,0.00;0.00,0.00;0.00,0.00;0.00,0.00;0.00,0.00;0.00,0.00;0.00,0.00;
21.15,0.00;21.12,21.12;21.10,42.23;21.08,63.31;21.06,84.37;21.04,105.41;21.02,126.43;21.00,147.43;20.98,168.41;20.96,189.37;20.94,210.30;20.91,231.22;20.89,252.11;20.87,272.98;20.85,293.83;
0.52,0.00;0.52,0.52;0.52,1.04;0.52,1.55;0.52,2.07;0.52,2.59;0.52,3.10;0.52,3.62;0.51,4.13;0.51,4.65;0.51,5.16;0.51,5.67;0.51,6.18;0.51,6.70;0.51,7.21;0.51,7.72;0.51,8.23;0.51,8.74;0.51,9.25;0.51,9.76;0.51,10.27;0.51,10.77;0.51,11.28;0.51,11.79;0.51,12.29;0.51,12.80;0.51,13.31;0.50,13.81;0.50,14.31;0.50,14.82;0.50,15.32;0.50,15.82;0.50,16.33;0.50,16.83;0.50,17.33;0.50,17.83;0.50,18.33;0.50,18.83;0.50,19.33;0.50,19.83;0.50,20.33;0.50,20.83;0.50,21.32;0.50,21.82;0.50,22.32;0.50,22.81;0.50,23.31;0.49,23.80;0.49,24.30;0.49,24.79;0.49,25.28;0.49,25.78;0.49,26.27;0.49,26.76;
0.00,0.00;0.00,0.00;0.00,0.00;0.00,0.00;0.00,0.00;0.00,0.00;0.00,0.00;0.00,0.00;0.00,0.00;0.00,0.00;0.00,0.00;0.00,0.00;0.00,0.00;0.00,0.00;0.00,0.00;0.00,0.00;0.00,0.00;0.00,0.00;0.00,0.00;0.00,0.00;0.00,0.00;0.00,0.00;0.00,0.00;0.00,0.00;0.00,0.00;0.00,0.00;
21.15,0.00;21.12,21.12;21.10,42.23;21.08,63.31;21.06,84.37;21.04,105.41;21.02,126.43;21.00,147.43;20.98,168.41;20.96,189.37;20.94,210.30;
20.89,0.00;20.87,20.87;20.85,41.72;
0.52,0.00;0.52,0.52;0.52,1.04;0.52,1.55;0.52,2.07;0.52,2.59;0.52,3.10;0.52,3.62;0.51,4.13;0.51,4.64;0.51,5.16;0.51,5.67;0.51,6.18;0.51,6.70;0.51,7.21;0.51,7.72;0.51,8.23;0.51,8.74;0.51,9.25;0.51,9.76;0.51,10.27;0.51,10.77;0.51,11.28;0.51,11.79;0.51,12.29;0.51,12.80;0.51,13.31;0.50,13.81;0.50,14.31;0.50,14.82;0.50,15.32;0.50,15.82;0.50,16.33;0.50,16.83;0.50,17.33;0.50,17.83;0.50,18.33;0.50,18.83;0.50,19.33;0.50,19.83;0.50,20.33;0.50,20.83;0.50,21.32;0.50,21.82;0.50,22.32;0.50,22.81;0.50,23.31;0.49,23.80;0.49,24.30;0.49,24.79;0.49,25.28;0.49,25.78;0.49,26.27;0.49,26.76;
0.00,0.00;0.00,0.00;0.00,0.00;0.00,0.00;0.00,0.00;0.00,0.00;0.00,0.00;0.00,0.00;0.00,0.00;0.00,0.00;0.00,0.00;0.00,0.00;0.00,0.00;0.00,0.00;0.00,0.00;0.00,0.00;0.00,0.00;0.00,0.00;0.00,0.00;0.00,0.00;0.00,0.00;0.00,0.00;0.00,0.00;0.00,0.00;0.00,0.00;0.00,0.00;
